function [d2, V_base] = DNR_data()
%%%%%%%%%%%%% Read Systen data %%%%%%%%%%%%%%
% From  To   R       X      PL     QL
d2 = ...
    [1	2	0.0714	0.0751	145.36	129.08
    1	3	0.0988	0.1039	92.25	81.96
    3	4	0.0242	0.0254	45.41	41.15
    4	5	0.1262	0.1328	47.56	40.63
    5	6	0.2062	0.2168	15.71	21.92
    6	7	0.0388	0.0408	142.26	129.81
    7	8	0.2148	0.2259	87.28	83.12
    8	9	0.1061	0.1116	15.99	21.88
    9	10	0.1721	0.181	40.13	42.31
    10	11	0.0689	0.0725	42.73	41.76
    2	12	0.2288	0.2406	148.82	128.23
    12	13	0.1486	0.1563	9.94	10.6
    2	14	0.0279	0.0294	43.4	41.61
    14	15	0.1444	0.1518	16.93	21.73
    15	16	0.1974	0.2075	144.67	129.24
    16	17	0.0634	0.0666	94.85	81.33
    13	18	0.2444	0.257	592.83	508.29
    18	19	0.135	0.142	41.47	42.03
    19	20	0.0309	0.0325	147.54	128.55
    20	21	0.574	0.3443	45.72	41.08
    21	22	0.2073	0.1244	43.95	41.49
    22	23	0.5337	0.3201	46.62	40.86
    23	24	0.1904	0.1142	89.96	82.5
    24	25	0.5743	0.3445	92.76	81.84
    25	26	0.4731	0.2838	88.73	82.79
    26	27	0.0545	0.0327	86.39	83.31
    27	28	0.4471	0.2682	147.26	128.61
    28	29	0.0945	0.0567	3.35	11.44
    29	30	0.2691	0.1614	86.8	83.22
    30	31	0.1904	0.1142	144.98	129.17
    13	32	0.1765	0.1059	87.79	83
    32	33	0.0784	0.047	19.9	21.19
    33	34	0.3436	0.2061	7.16	11.06
    34	35	0.074	0.0778	16.92	21.73
    35	36	0.0864	0.0908	40.9	42.15
    36	37	0.0926	0.0974	231.15	204.78
    37	38	0.2796	0.294	185.48	163.69
    38	39	0.1671	0.1757	90.7	82.33
    41	40	0.0701	0.0738	86.28	83.34
    42	41	0.0891	0.0937	150.27	127.87
    43	42	0.104	0.1094	148.26	128.37
    44	43	0.2717	0.2857	143.19	129.59
    41	45	0.0366	0.0385	146.63	128.77
    45	46	0.1567	0.1648	92.4	81.93
    35	47	0.139	0.1461	40.36	42.26
    47	48	0.0946	0.0995	46.07	40.99
    48	49	0.0357	0.0376	10.78	10.42
    49	50	0.1132	0.119	47.74	40.58
    50	51	0.1362	0.1433	147.38	128.59
    51	52	0.1162	0.1222	145.33	129.08
    52	53	0.2665	0.2803	86.82	83.22
    53	54	0.0888	0.0934	88.61	82.81
    17	55	0.2718	0.2858	299.82	255.92
    55	56	0.1468	0.1544	90.4	82.4
    56	57	0.2828	0.2974	149.47	128.07
    57	58	0.2558	0.269	95.31	81.21
    58	59	0.24	0.2524	144.52	129.28
    56	60	0.1561	0.1642	4.39	11.37
    60	61	0.1598	0.168	144.76	129.22
    61	62	0.1994	0.2096	48.05	40.51
    64	63	0.2501	0.15	95.43	81.18
    60	65	0.4199	0.2519	94.71	81.36
    65	66	0.1409	0.0845	232.01	204.57
    66	67	0.526	0.3155	379.38	325.31
    67	68	0.1139	0.0683	95.68	81.12
    68	69	0.3846	0.2307	45.75	41.07
    66	70	0.3166	0.1899	6.39	11.16
    70	71	0.4375	0.2624	146.01	128.92
    71	72	0.1109	0.0665	94.25	81.48
    72	73	0.2016	0.1209	94.66	81.37
    73	74	0.1952	0.1171	14.11	22.16
    74	75	0.3023	0.1813	7.21	11.06
    77	76	0.3755	0.2252	302.54	255.24
    78	77	0.098	0.0588	95.42	81.18
    79	78	0.4256	0.2553	4.65	11.35
    80	79	0.0656	0.069	144.03	129.39
    73	81	0.2044	0.2149	87.39	83.09
    81	82	0.2472	0.26	11.48	10.26
    82	83	0.1321	0.1389	87.53	83.06
    83	84	0.2307	0.2426	90.08	82.48
    84	85	0.1405	0.1477	89.54	82.6
    81	86	0.277	0.2913	142.07	129.85
    86	87	0.299	0.3144	90.12	82.47
    87	88	0.0599	0.063	40.17	42.3
    88	89	0.306	0.3217	47.46	40.65
    89	90	0.0643	0.0677	147.21	128.63
    90	91	0.1047	0.1101	93.09	81.76
    91	92	0.0335	0.0352	89.69	82.57
    92	93	0.2009	0.2112	89.16	82.69
    93	94	0.1493	0.157	8.32	10.89
    94	95	0.2358	0.248	88.93	82.74
    95	96	0.2356	0.2478	600.41	506.39
    96	97	0.0792	0.0833	595.73	507.57
    97	98	0.0491	0.0517	145.86	128.95
    98	99	0.2186	0.2299	143.37	129.55
    99	100	0.3142	0.1885	89.79	82.54
    100	101	0.0988	0.0593	45.01	41.24
    101	102	0.4564	0.2738	146.63	128.77
    102	103	0.4839	0.2903	141.88	129.9
    103	104	0.1241	0.0744	143.79	129.45
    104	105	0.0885	0.0531	93.06	81.77
    105	106	0.4284	0.257	44.77	41.3
    106	107	0.1182	0.0709	87.9	82.98
    107	108	0.5195	0.3117	296.31	256.79
    108	109	0.177	0.1062	299.6	255.97
    47	111	0.4465	0.2679	91.45	82.15
    111	112	0.1777	0.1066	20.82	21
    112	113	0.0983	0.059	20.65	21.03
    113	114	0.3668	0.22	42.06	41.9
    22	44	0.5	0.5	38.86	42.56
    15	64	0.5	0.5	147.08	128.66
    94	110	0.5	0.5	145.9	128.95
    66	80	0.5	0.5	16.19	21.85];

V_base = 15e3;